.
├── 092|[0.5,0.5,1.5,0.5,0.5,1.0,1.5]|???.wav
├── 093|[0.5,0.5,1.5,0.5,0.5,1.5,1.0]|???.wav
├── 094|[0.5,0.5,1.5,0.5,0.5,2.0,0.5]|???.wav
├── 095|[0.5,0.5,1.5,0.5,1.0,0.5,1.5]|???.wav
├── 096|[0.5,0.5,1.5,0.5,1.0,1.0,1.0]|???.wav
├── 097|[0.5,0.5,1.5,0.5,1.0,1.5,0.5]|???.wav
├── 098|[0.5,0.5,1.5,0.5,1.5,0.5,1.0]|???.wav
├── 099|[0.5,0.5,1.5,0.5,1.5,1.0,0.5]|???.wav
├── 100|[0.5,0.5,1.5,0.5,2.0,0.5,0.5]|???.wav
├── 101|[0.5,0.5,1.5,1.0,0.5,0.5,1.5]|???.wav
├── 102|[0.5,0.5,1.5,1.0,0.5,1.0,1.0]|???.wav
├── 103|[0.5,0.5,1.5,1.0,0.5,1.5,0.5]|???.wav
├── 104|[0.5,0.5,1.5,1.0,1.0,0.5,1.0]|???.wav
├── 105|[0.5,0.5,1.5,1.0,1.0,1.0,0.5]|???.wav
├── 106|[0.5,0.5,1.5,1.0,1.5,0.5,0.5]|???.wav
├── 107|[0.5,0.5,1.5,1.5,0.5,0.5,1.0]|???.wav
├── 108|[0.5,0.5,1.5,1.5,0.5,1.0,0.5]|???.wav
├── 109|[0.5,0.5,1.5,1.5,1.0,0.5,0.5]|???.wav
├── 112|[0.5,0.5,2.0,0.5,0.5,1.0,1.0]|???.wav
├── 113|[0.5,0.5,2.0,0.5,0.5,1.5,0.5]|???.wav
├── 114|[0.5,0.5,2.0,0.5,1.0,0.5,1.0]|???.wav
├── 115|[0.5,0.5,2.0,0.5,1.0,1.0,0.5]|???.wav
├── 116|[0.5,0.5,2.0,0.5,1.5,0.5,0.5]|???.wav
├── 117|[0.5,0.5,2.0,1.0,0.5,0.5,1.0]|???.wav
├── 118|[0.5,0.5,2.0,1.0,0.5,1.0,0.5]|???.wav
├── 119|[0.5,0.5,2.0,1.0,1.0,0.5,0.5]|???.wav
├── 122|[0.5,0.5,2.5,0.5,0.5,1.0,0.5]|???.wav
├── 123|[0.5,0.5,2.5,0.5,1.0,0.5,0.5]|???.wav
├── 234|[0.5,2.0,0.5,0.5,1.0,0.5,1.0]|???.wav
├── 235|[0.5,2.0,0.5,0.5,1.0,1.0,0.5]|???.wav
├── 236|[0.5,2.0,0.5,0.5,1.5,0.5,0.5]|???.wav
├── 237|[0.5,2.0,0.5,1.0,0.5,0.5,1.0]|???.wav
├── 238|[0.5,2.0,0.5,1.0,0.5,1.0,0.5]|???.wav
├── 239|[0.5,2.0,0.5,1.0,1.0,0.5,0.5]|???.wav
├── 242|[0.5,2.0,1.0,0.5,0.5,1.0,0.5]|???.wav
├── 243|[0.5,2.0,1.0,0.5,1.0,0.5,0.5]|???.wav
├── 248|[0.5,2.5,0.5,0.5,1.0,0.5,0.5]|???.wav
├── 360|[1.0,1.5,0.5,0.5,1.0,0.5,1.0]|???.wav
├── 361|[1.0,1.5,0.5,0.5,1.0,1.0,0.5]|???.wav
├── 362|[1.0,1.5,0.5,0.5,1.5,0.5,0.5]|???.wav
├── 363|[1.0,1.5,0.5,1.0,0.5,0.5,1.0]|???.wav
├── 364|[1.0,1.5,0.5,1.0,0.5,1.0,0.5]|???.wav
├── 365|[1.0,1.5,0.5,1.0,1.0,0.5,0.5]|???.wav
├── 368|[1.0,1.5,1.0,0.5,0.5,1.0,0.5]|???.wav
├── 369|[1.0,1.5,1.0,0.5,1.0,0.5,0.5]|???.wav
├── 374|[1.0,2.0,0.5,0.5,1.0,0.5,0.5]|???.wav
├── A
│   ├── 000|[0.5,0.5,0.5,0.5,0.5,0.5,3.0]|MIN.wav
│   ├── 001|[0.5,0.5,0.5,0.5,0.5,1.0,2.5]|MIN.wav
│   ├── 002|[0.5,0.5,0.5,0.5,0.5,1.5,2.0]|MIN.wav
│   ├── 003|[0.5,0.5,0.5,0.5,0.5,2.0,1.5]|MIN.wav
│   ├── 004|[0.5,0.5,0.5,0.5,0.5,2.5,1.0]|MIN.wav
│   ├── 005|[0.5,0.5,0.5,0.5,0.5,3.0,0.5]|MIN.wav
│   ├── 006|[0.5,0.5,0.5,0.5,1.0,0.5,2.5]|MIN.wav
│   ├── 007|[0.5,0.5,0.5,0.5,1.0,1.0,2.0]|MIN.wav
│   ├── 008|[0.5,0.5,0.5,0.5,1.0,1.5,1.5]|MIN.wav
│   ├── 009|[0.5,0.5,0.5,0.5,1.0,2.0,1.0]|MIN.wav
│   ├── 010|[0.5,0.5,0.5,0.5,1.0,2.5,0.5]|MIN.wav
│   ├── 011|[0.5,0.5,0.5,0.5,1.5,0.5,2.0]|MIN.wav
│   ├── 012|[0.5,0.5,0.5,0.5,1.5,1.0,1.5]|MIN.wav
│   ├── 013|[0.5,0.5,0.5,0.5,1.5,1.5,1.0]|MIN.wav
│   ├── 014|[0.5,0.5,0.5,0.5,1.5,2.0,0.5]|MIN.wav
│   ├── 015|[0.5,0.5,0.5,0.5,2.0,0.5,1.5]|MIN.wav
│   ├── 016|[0.5,0.5,0.5,0.5,2.0,1.0,1.0]|MIN.wav
│   ├── 017|[0.5,0.5,0.5,0.5,2.0,1.5,0.5]|MIN.wav
│   ├── 018|[0.5,0.5,0.5,0.5,2.5,0.5,1.0]|MIN.wav
│   ├── 019|[0.5,0.5,0.5,0.5,2.5,1.0,0.5]|MIN.wav
│   ├── 020|[0.5,0.5,0.5,0.5,3.0,0.5,0.5]|MIN.wav
│   ├── 021|[0.5,0.5,0.5,1.0,0.5,0.5,2.5]|MIN.wav
│   ├── 022|[0.5,0.5,0.5,1.0,0.5,1.0,2.0]|MIN.wav
│   ├── 023|[0.5,0.5,0.5,1.0,0.5,1.5,1.5]|MIN.wav
│   ├── 024|[0.5,0.5,0.5,1.0,0.5,2.0,1.0]|MIN.wav
│   ├── 025|[0.5,0.5,0.5,1.0,0.5,2.5,0.5]|MIN.wav
│   ├── 026|[0.5,0.5,0.5,1.0,1.0,0.5,2.0]|MIN.wav
│   ├── 027|[0.5,0.5,0.5,1.0,1.0,1.0,1.5]|MIN.wav
│   ├── 028|[0.5,0.5,0.5,1.0,1.0,1.5,1.0]|MIN.wav
│   ├── 029|[0.5,0.5,0.5,1.0,1.0,2.0,0.5]|MIN.wav
│   ├── 030|[0.5,0.5,0.5,1.0,1.5,0.5,1.5]|MIN.wav
│   ├── 031|[0.5,0.5,0.5,1.0,1.5,1.0,1.0]|MIN.wav
│   ├── 032|[0.5,0.5,0.5,1.0,1.5,1.5,0.5]|MIN.wav
│   ├── 033|[0.5,0.5,0.5,1.0,2.0,0.5,1.0]|MIN.wav
│   ├── 034|[0.5,0.5,0.5,1.0,2.0,1.0,0.5]|MIN.wav
│   ├── 035|[0.5,0.5,0.5,1.0,2.5,0.5,0.5]|MIN.wav
│   ├── 036|[0.5,0.5,0.5,1.5,0.5,0.5,2.0]|MIN.wav
│   ├── 037|[0.5,0.5,0.5,1.5,0.5,1.0,1.5]|MIN.wav
│   ├── 038|[0.5,0.5,0.5,1.5,0.5,1.5,1.0]|MIN.wav
│   ├── 039|[0.5,0.5,0.5,1.5,0.5,2.0,0.5]|MIN.wav
│   ├── 040|[0.5,0.5,0.5,1.5,1.0,0.5,1.5]|MIN.wav
│   ├── 041|[0.5,0.5,0.5,1.5,1.0,1.0,1.0]|MIN.wav
│   ├── 042|[0.5,0.5,0.5,1.5,1.0,1.5,0.5]|MIN.wav
│   ├── 043|[0.5,0.5,0.5,1.5,1.5,0.5,1.0]|MIN.wav
│   ├── 044|[0.5,0.5,0.5,1.5,1.5,1.0,0.5]|MIN.wav
│   ├── 045|[0.5,0.5,0.5,1.5,2.0,0.5,0.5]|MIN.wav
│   ├── 046|[0.5,0.5,0.5,2.0,0.5,0.5,1.5]|MIN.wav
│   ├── 047|[0.5,0.5,0.5,2.0,0.5,1.0,1.0]|MIN.wav
│   ├── 048|[0.5,0.5,0.5,2.0,0.5,1.5,0.5]|MIN.wav
│   ├── 049|[0.5,0.5,0.5,2.0,1.0,0.5,1.0]|MIN.wav
│   ├── 050|[0.5,0.5,0.5,2.0,1.0,1.0,0.5]|MIN.wav
│   ├── 051|[0.5,0.5,0.5,2.0,1.5,0.5,0.5]|MIN.wav
│   ├── 052|[0.5,0.5,0.5,2.5,0.5,0.5,1.0]|MIN.wav
│   ├── 053|[0.5,0.5,0.5,2.5,0.5,1.0,0.5]|MIN.wav
│   ├── 054|[0.5,0.5,0.5,2.5,1.0,0.5,0.5]|MIN.wav
│   ├── 055|[0.5,0.5,0.5,3.0,0.5,0.5,0.5]|MIN.wav
│   ├── 056|[0.5,0.5,1.0,0.5,0.5,0.5,2.5]|MAJ.wav
│   ├── 090|[0.5,0.5,1.0,2.5,0.5,0.5,0.5]|MAJ.wav
│   ├── 091|[0.5,0.5,1.5,0.5,0.5,0.5,2.0]|???.wav
│   ├── 110|[0.5,0.5,1.5,2.0,0.5,0.5,0.5]|???.wav
│   ├── 111|[0.5,0.5,2.0,0.5,0.5,0.5,1.5]|???.wav
│   ├── 120|[0.5,0.5,2.0,1.5,0.5,0.5,0.5]|???.wav
│   ├── 121|[0.5,0.5,2.5,0.5,0.5,0.5,1.0]|???.wav
│   ├── 124|[0.5,0.5,2.5,1.0,0.5,0.5,0.5]|???.wav
│   ├── 125|[0.5,0.5,3.0,0.5,0.5,0.5,0.5]|???.wav
│   ├── 126|[0.5,1.0,0.5,0.5,0.5,0.5,2.5]|MIN.wav
│   ├── 127|[0.5,1.0,0.5,0.5,0.5,1.0,2.0]|MIN.wav
│   ├── 128|[0.5,1.0,0.5,0.5,0.5,1.5,1.5]|MIN.wav
│   ├── 129|[0.5,1.0,0.5,0.5,0.5,2.0,1.0]|MIN.wav
│   ├── 130|[0.5,1.0,0.5,0.5,0.5,2.5,0.5]|MIN.wav
│   ├── 160|[0.5,1.0,0.5,2.5,0.5,0.5,0.5]|MIN.wav
│   ├── 161|[0.5,1.0,1.0,0.5,0.5,0.5,2.0]|MIN.wav
│   ├── 180|[0.5,1.0,1.0,2.0,0.5,0.5,0.5]|MIN.wav
│   ├── 181|[0.5,1.0,1.5,0.5,0.5,0.5,1.5]|MIN.wav
│   ├── 190|[0.5,1.0,1.5,1.5,0.5,0.5,0.5]|MIN.wav
│   ├── 191|[0.5,1.0,2.0,0.5,0.5,0.5,1.0]|MIN.wav
│   ├── 194|[0.5,1.0,2.0,1.0,0.5,0.5,0.5]|MIN.wav
│   ├── 195|[0.5,1.0,2.5,0.5,0.5,0.5,0.5]|MIN.wav
│   ├── 196|[0.5,1.5,0.5,0.5,0.5,0.5,2.0]|MAJ.wav
│   ├── 197|[0.5,1.5,0.5,0.5,0.5,1.0,1.5]|MAJ.wav
│   ├── 198|[0.5,1.5,0.5,0.5,0.5,1.5,1.0]|MAJ.wav
│   ├── 199|[0.5,1.5,0.5,0.5,0.5,2.0,0.5]|MAJ.wav
│   ├── 215|[0.5,1.5,0.5,2.0,0.5,0.5,0.5]|MAJ.wav
│   ├── 216|[0.5,1.5,1.0,0.5,0.5,0.5,1.5]|MAJ.wav
│   ├── 225|[0.5,1.5,1.0,1.5,0.5,0.5,0.5]|MAJ.wav
│   ├── 226|[0.5,1.5,1.5,0.5,0.5,0.5,1.0]|MAJ.wav
│   ├── 229|[0.5,1.5,1.5,1.0,0.5,0.5,0.5]|MAJ.wav
│   ├── 230|[0.5,1.5,2.0,0.5,0.5,0.5,0.5]|MAJ.wav
│   ├── 231|[0.5,2.0,0.5,0.5,0.5,0.5,1.5]|???.wav
│   ├── 232|[0.5,2.0,0.5,0.5,0.5,1.0,1.0]|???.wav
│   ├── 233|[0.5,2.0,0.5,0.5,0.5,1.5,0.5]|???.wav
│   ├── 240|[0.5,2.0,0.5,1.5,0.5,0.5,0.5]|???.wav
│   ├── 241|[0.5,2.0,1.0,0.5,0.5,0.5,1.0]|???.wav
│   ├── 244|[0.5,2.0,1.0,1.0,0.5,0.5,0.5]|???.wav
│   ├── 245|[0.5,2.0,1.5,0.5,0.5,0.5,0.5]|???.wav
│   ├── 246|[0.5,2.5,0.5,0.5,0.5,0.5,1.0]|???.wav
│   ├── 247|[0.5,2.5,0.5,0.5,0.5,1.0,0.5]|???.wav
│   ├── 249|[0.5,2.5,0.5,1.0,0.5,0.5,0.5]|???.wav
│   ├── 250|[0.5,2.5,1.0,0.5,0.5,0.5,0.5]|???.wav
│   ├── 251|[0.5,3.0,0.5,0.5,0.5,0.5,0.5]|???.wav
│   ├── 252|[1.0,0.5,0.5,0.5,0.5,0.5,2.5]|MIN.wav
│   ├── 253|[1.0,0.5,0.5,0.5,0.5,1.0,2.0]|MIN.wav
│   ├── 254|[1.0,0.5,0.5,0.5,0.5,1.5,1.5]|MIN.wav
│   ├── 255|[1.0,0.5,0.5,0.5,0.5,2.0,1.0]|MIN.wav
│   ├── 256|[1.0,0.5,0.5,0.5,0.5,2.5,0.5]|MIN.wav
│   ├── 257|[1.0,0.5,0.5,0.5,1.0,0.5,2.0]|MIN.wav
│   ├── 258|[1.0,0.5,0.5,0.5,1.0,1.0,1.5]|MIN.wav
│   ├── 259|[1.0,0.5,0.5,0.5,1.0,1.5,1.0]|MIN.wav
│   ├── 260|[1.0,0.5,0.5,0.5,1.0,2.0,0.5]|MIN.wav
│   ├── 261|[1.0,0.5,0.5,0.5,1.5,0.5,1.5]|MIN.wav
│   ├── 262|[1.0,0.5,0.5,0.5,1.5,1.0,1.0]|MIN.wav
│   ├── 263|[1.0,0.5,0.5,0.5,1.5,1.5,0.5]|MIN.wav
│   ├── 264|[1.0,0.5,0.5,0.5,2.0,0.5,1.0]|MIN.wav
│   ├── 265|[1.0,0.5,0.5,0.5,2.0,1.0,0.5]|MIN.wav
│   ├── 266|[1.0,0.5,0.5,0.5,2.5,0.5,0.5]|MIN.wav
│   ├── 286|[1.0,0.5,0.5,2.5,0.5,0.5,0.5]|MIN.wav
│   ├── 287|[1.0,0.5,1.0,0.5,0.5,0.5,2.0]|MIN.wav
│   ├── 306|[1.0,0.5,1.0,2.0,0.5,0.5,0.5]|MIN.wav
│   ├── 307|[1.0,0.5,1.5,0.5,0.5,0.5,1.5]|MIN.wav
│   ├── 316|[1.0,0.5,1.5,1.5,0.5,0.5,0.5]|MIN.wav
│   ├── 317|[1.0,0.5,2.0,0.5,0.5,0.5,1.0]|MIN.wav
│   ├── 320|[1.0,0.5,2.0,1.0,0.5,0.5,0.5]|MIN.wav
│   ├── 321|[1.0,0.5,2.5,0.5,0.5,0.5,0.5]|MIN.wav
│   ├── 322|[1.0,1.0,0.5,0.5,0.5,0.5,2.0]|MAJ.wav
│   ├── 323|[1.0,1.0,0.5,0.5,0.5,1.0,1.5]|MAJ.wav
│   ├── 324|[1.0,1.0,0.5,0.5,0.5,1.5,1.0]|MAJ.wav
│   ├── 325|[1.0,1.0,0.5,0.5,0.5,2.0,0.5]|MAJ.wav
│   ├── 341|[1.0,1.0,0.5,2.0,0.5,0.5,0.5]|MAJ.wav
│   ├── 342|[1.0,1.0,1.0,0.5,0.5,0.5,1.5]|MAJ.wav
│   ├── 351|[1.0,1.0,1.0,1.5,0.5,0.5,0.5]|MAJ.wav
│   ├── 352|[1.0,1.0,1.5,0.5,0.5,0.5,1.0]|MAJ.wav
│   ├── 355|[1.0,1.0,1.5,1.0,0.5,0.5,0.5]|MAJ.wav
│   ├── 356|[1.0,1.0,2.0,0.5,0.5,0.5,0.5]|MAJ.wav
│   ├── 357|[1.0,1.5,0.5,0.5,0.5,0.5,1.5]|???.wav
│   ├── 358|[1.0,1.5,0.5,0.5,0.5,1.0,1.0]|???.wav
│   ├── 359|[1.0,1.5,0.5,0.5,0.5,1.5,0.5]|???.wav
│   ├── 366|[1.0,1.5,0.5,1.5,0.5,0.5,0.5]|???.wav
│   ├── 367|[1.0,1.5,1.0,0.5,0.5,0.5,1.0]|???.wav
│   ├── 370|[1.0,1.5,1.0,1.0,0.5,0.5,0.5]|???.wav
│   ├── 371|[1.0,1.5,1.5,0.5,0.5,0.5,0.5]|???.wav
│   ├── 372|[1.0,2.0,0.5,0.5,0.5,0.5,1.0]|???.wav
│   ├── 373|[1.0,2.0,0.5,0.5,0.5,1.0,0.5]|???.wav
│   ├── 375|[1.0,2.0,0.5,1.0,0.5,0.5,0.5]|???.wav
│   ├── 376|[1.0,2.0,1.0,0.5,0.5,0.5,0.5]|???.wav
│   ├── 377|[1.0,2.5,0.5,0.5,0.5,0.5,0.5]|???.wav
│   ├── 378|[1.5,0.5,0.5,0.5,0.5,0.5,2.0]|MIN.wav
│   ├── 379|[1.5,0.5,0.5,0.5,0.5,1.0,1.5]|MIN.wav
│   ├── 380|[1.5,0.5,0.5,0.5,0.5,1.5,1.0]|MIN.wav
│   ├── 381|[1.5,0.5,0.5,0.5,0.5,2.0,0.5]|MIN.wav
│   ├── 382|[1.5,0.5,0.5,0.5,1.0,0.5,1.5]|MIN.wav
│   ├── 383|[1.5,0.5,0.5,0.5,1.0,1.0,1.0]|MIN.wav
│   ├── 384|[1.5,0.5,0.5,0.5,1.0,1.5,0.5]|MIN.wav
│   ├── 385|[1.5,0.5,0.5,0.5,1.5,0.5,1.0]|MIN.wav
│   ├── 386|[1.5,0.5,0.5,0.5,1.5,1.0,0.5]|MIN.wav
│   ├── 387|[1.5,0.5,0.5,0.5,2.0,0.5,0.5]|MIN.wav
│   ├── 397|[1.5,0.5,0.5,2.0,0.5,0.5,0.5]|MIN.wav
│   ├── 398|[1.5,0.5,1.0,0.5,0.5,0.5,1.5]|MIN.wav
│   ├── 407|[1.5,0.5,1.0,1.5,0.5,0.5,0.5]|MIN.wav
│   ├── 408|[1.5,0.5,1.5,0.5,0.5,0.5,1.0]|MIN.wav
│   ├── 411|[1.5,0.5,1.5,1.0,0.5,0.5,0.5]|MIN.wav
│   ├── 412|[1.5,0.5,2.0,0.5,0.5,0.5,0.5]|MIN.wav
│   ├── 413|[1.5,1.0,0.5,0.5,0.5,0.5,1.5]|MIN.wav
│   ├── 414|[1.5,1.0,0.5,0.5,0.5,1.0,1.0]|MIN.wav
│   ├── 415|[1.5,1.0,0.5,0.5,0.5,1.5,0.5]|MIN.wav
│   ├── 422|[1.5,1.0,0.5,1.5,0.5,0.5,0.5]|MIN.wav
│   ├── 423|[1.5,1.0,1.0,0.5,0.5,0.5,1.0]|MIN.wav
│   ├── 426|[1.5,1.0,1.0,1.0,0.5,0.5,0.5]|MIN.wav
│   ├── 427|[1.5,1.0,1.5,0.5,0.5,0.5,0.5]|MIN.wav
│   ├── 428|[1.5,1.5,0.5,0.5,0.5,0.5,1.0]|MIN.wav
│   ├── 429|[1.5,1.5,0.5,0.5,0.5,1.0,0.5]|MIN.wav
│   ├── 431|[1.5,1.5,0.5,1.0,0.5,0.5,0.5]|MIN.wav
│   ├── 432|[1.5,1.5,1.0,0.5,0.5,0.5,0.5]|MIN.wav
│   ├── 433|[1.5,2.0,0.5,0.5,0.5,0.5,0.5]|MIN.wav
│   ├── 434|[2.0,0.5,0.5,0.5,0.5,0.5,1.5]|MAJ.wav
│   ├── 435|[2.0,0.5,0.5,0.5,0.5,1.0,1.0]|MAJ.wav
│   ├── 436|[2.0,0.5,0.5,0.5,0.5,1.5,0.5]|MAJ.wav
│   ├── 437|[2.0,0.5,0.5,0.5,1.0,0.5,1.0]|MAJ.wav
│   ├── 438|[2.0,0.5,0.5,0.5,1.0,1.0,0.5]|MAJ.wav
│   ├── 439|[2.0,0.5,0.5,0.5,1.5,0.5,0.5]|MAJ.wav
│   ├── 443|[2.0,0.5,0.5,1.5,0.5,0.5,0.5]|MAJ.wav
│   ├── 444|[2.0,0.5,1.0,0.5,0.5,0.5,1.0]|MAJ.wav
│   ├── 447|[2.0,0.5,1.0,1.0,0.5,0.5,0.5]|MAJ.wav
│   ├── 448|[2.0,0.5,1.5,0.5,0.5,0.5,0.5]|MAJ.wav
│   ├── 449|[2.0,1.0,0.5,0.5,0.5,0.5,1.0]|MAJ.wav
│   ├── 450|[2.0,1.0,0.5,0.5,0.5,1.0,0.5]|MAJ.wav
│   ├── 452|[2.0,1.0,0.5,1.0,0.5,0.5,0.5]|MAJ.wav
│   ├── 453|[2.0,1.0,1.0,0.5,0.5,0.5,0.5]|MAJ.wav
│   ├── 454|[2.0,1.5,0.5,0.5,0.5,0.5,0.5]|MAJ.wav
│   ├── 455|[2.5,0.5,0.5,0.5,0.5,0.5,1.0]|???.wav
│   ├── 456|[2.5,0.5,0.5,0.5,0.5,1.0,0.5]|???.wav
│   ├── 457|[2.5,0.5,0.5,0.5,1.0,0.5,0.5]|???.wav
│   ├── 458|[2.5,0.5,0.5,1.0,0.5,0.5,0.5]|???.wav
│   ├── 459|[2.5,0.5,1.0,0.5,0.5,0.5,0.5]|???.wav
│   ├── 460|[2.5,1.0,0.5,0.5,0.5,0.5,0.5]|???.wav
│   └── 461|[3.0,0.5,0.5,0.5,0.5,0.5,0.5]|???.wav
├── B
│   ├── 131|[0.5,1.0,0.5,0.5,1.0,0.5,2.0]|MIN.wav
│   ├── 132|[0.5,1.0,0.5,0.5,1.0,1.0,1.5]|MIN.wav
│   ├── 133|[0.5,1.0,0.5,0.5,1.0,1.5,1.0]|MIN.wav
│   ├── 134|[0.5,1.0,0.5,0.5,1.0,2.0,0.5]|MIN.wav
│   ├── 135|[0.5,1.0,0.5,0.5,1.5,0.5,1.5]|MIN.wav
│   ├── 136|[0.5,1.0,0.5,0.5,1.5,1.0,1.0]|MIN.wav
│   ├── 137|[0.5,1.0,0.5,0.5,1.5,1.5,0.5]|MIN.wav
│   ├── 138|[0.5,1.0,0.5,0.5,2.0,0.5,1.0]|MIN.wav
│   ├── 139|[0.5,1.0,0.5,0.5,2.0,1.0,0.5]|MIN.wav
│   ├── 140|[0.5,1.0,0.5,0.5,2.5,0.5,0.5]|MIN.wav
│   ├── 141|[0.5,1.0,0.5,1.0,0.5,0.5,2.0]|MIN.wav
│   ├── 142|[0.5,1.0,0.5,1.0,0.5,1.0,1.5]|MIN.wav
│   ├── 143|[0.5,1.0,0.5,1.0,0.5,1.5,1.0]|MIN.wav
│   ├── 144|[0.5,1.0,0.5,1.0,0.5,2.0,0.5]|MIN.wav
│   ├── 145|[0.5,1.0,0.5,1.0,1.0,0.5,1.5]|MIN.wav
│   ├── 146|[0.5,1.0,0.5,1.0,1.0,1.0,1.0]|MIN.wav
│   ├── 147|[0.5,1.0,0.5,1.0,1.0,1.5,0.5]|MIN.wav
│   ├── 148|[0.5,1.0,0.5,1.0,1.5,0.5,1.0]|MIN.wav
│   ├── 149|[0.5,1.0,0.5,1.0,1.5,1.0,0.5]|MIN.wav
│   ├── 150|[0.5,1.0,0.5,1.0,2.0,0.5,0.5]|MIN.wav
│   ├── 151|[0.5,1.0,0.5,1.5,0.5,0.5,1.5]|MIN.wav
│   ├── 152|[0.5,1.0,0.5,1.5,0.5,1.0,1.0]|MIN.wav
│   ├── 153|[0.5,1.0,0.5,1.5,0.5,1.5,0.5]|MIN.wav
│   ├── 154|[0.5,1.0,0.5,1.5,1.0,0.5,1.0]|MIN.wav
│   ├── 155|[0.5,1.0,0.5,1.5,1.0,1.0,0.5]|MIN.wav
│   ├── 156|[0.5,1.0,0.5,1.5,1.5,0.5,0.5]|MIN.wav
│   ├── 157|[0.5,1.0,0.5,2.0,0.5,0.5,1.0]|MIN.wav
│   ├── 158|[0.5,1.0,0.5,2.0,0.5,1.0,0.5]|MIN.wav
│   ├── 159|[0.5,1.0,0.5,2.0,1.0,0.5,0.5]|MIN.wav
│   ├── 267|[1.0,0.5,0.5,1.0,0.5,0.5,2.0]|MIN.wav
│   ├── 268|[1.0,0.5,0.5,1.0,0.5,1.0,1.5]|MIN.wav
│   ├── 269|[1.0,0.5,0.5,1.0,0.5,1.5,1.0]|MIN.wav
│   ├── 270|[1.0,0.5,0.5,1.0,0.5,2.0,0.5]|MIN.wav
│   ├── 271|[1.0,0.5,0.5,1.0,1.0,0.5,1.5]|MIN.wav
│   ├── 272|[1.0,0.5,0.5,1.0,1.0,1.0,1.0]|MIN.wav
│   ├── 273|[1.0,0.5,0.5,1.0,1.0,1.5,0.5]|MIN.wav
│   ├── 274|[1.0,0.5,0.5,1.0,1.5,0.5,1.0]|MIN.wav
│   ├── 275|[1.0,0.5,0.5,1.0,1.5,1.0,0.5]|MIN.wav
│   ├── 276|[1.0,0.5,0.5,1.0,2.0,0.5,0.5]|MIN.wav
│   ├── 277|[1.0,0.5,0.5,1.5,0.5,0.5,1.5]|MIN.wav
│   ├── 278|[1.0,0.5,0.5,1.5,0.5,1.0,1.0]|MIN.wav
│   ├── 279|[1.0,0.5,0.5,1.5,0.5,1.5,0.5]|MIN.wav
│   ├── 280|[1.0,0.5,0.5,1.5,1.0,0.5,1.0]|MIN.wav
│   ├── 281|[1.0,0.5,0.5,1.5,1.0,1.0,0.5]|MIN.wav
│   ├── 282|[1.0,0.5,0.5,1.5,1.5,0.5,0.5]|MIN.wav
│   ├── 283|[1.0,0.5,0.5,2.0,0.5,0.5,1.0]|MIN.wav
│   ├── 284|[1.0,0.5,0.5,2.0,0.5,1.0,0.5]|MIN.wav
│   ├── 285|[1.0,0.5,0.5,2.0,1.0,0.5,0.5]|MIN.wav
│   ├── 388|[1.5,0.5,0.5,1.0,0.5,0.5,1.5]|MIN.wav
│   ├── 389|[1.5,0.5,0.5,1.0,0.5,1.0,1.0]|MIN.wav
│   ├── 390|[1.5,0.5,0.5,1.0,0.5,1.5,0.5]|MIN.wav
│   ├── 391|[1.5,0.5,0.5,1.0,1.0,0.5,1.0]|MIN.wav
│   ├── 392|[1.5,0.5,0.5,1.0,1.0,1.0,0.5]|MIN.wav
│   ├── 393|[1.5,0.5,0.5,1.0,1.5,0.5,0.5]|MIN.wav
│   ├── 394|[1.5,0.5,0.5,1.5,0.5,0.5,1.0]|MIN.wav
│   ├── 395|[1.5,0.5,0.5,1.5,0.5,1.0,0.5]|MIN.wav
│   ├── 396|[1.5,0.5,0.5,1.5,1.0,0.5,0.5]|MIN.wav
│   ├── 399|[1.5,0.5,1.0,0.5,0.5,1.0,1.0]|MIN.wav
│   ├── 400|[1.5,0.5,1.0,0.5,0.5,1.5,0.5]|MIN.wav
│   ├── 401|[1.5,0.5,1.0,0.5,1.0,0.5,1.0]|MIN.wav
│   ├── 402|[1.5,0.5,1.0,0.5,1.0,1.0,0.5]|MIN.wav
│   ├── 403|[1.5,0.5,1.0,0.5,1.5,0.5,0.5]|MIN.wav
│   ├── 404|[1.5,0.5,1.0,1.0,0.5,0.5,1.0]|MIN.wav
│   ├── 405|[1.5,0.5,1.0,1.0,0.5,1.0,0.5]|MIN.wav
│   ├── 406|[1.5,0.5,1.0,1.0,1.0,0.5,0.5]|MIN.wav
│   ├── 409|[1.5,0.5,1.5,0.5,0.5,1.0,0.5]|MIN.wav
│   └── 410|[1.5,0.5,1.5,0.5,1.0,0.5,0.5]|MIN.wav
├── C
│   ├── 061|[0.5,0.5,1.0,0.5,1.0,0.5,2.0]|MAJ.wav
│   ├── 062|[0.5,0.5,1.0,0.5,1.0,1.0,1.5]|MAJ.wav
│   ├── 063|[0.5,0.5,1.0,0.5,1.0,1.5,1.0]|MAJ.wav
│   ├── 064|[0.5,0.5,1.0,0.5,1.0,2.0,0.5]|MAJ.wav
│   ├── 071|[0.5,0.5,1.0,1.0,0.5,0.5,2.0]|MAJ.wav
│   ├── 072|[0.5,0.5,1.0,1.0,0.5,1.0,1.5]|MAJ.wav
│   ├── 073|[0.5,0.5,1.0,1.0,0.5,1.5,1.0]|MAJ.wav
│   ├── 074|[0.5,0.5,1.0,1.0,0.5,2.0,0.5]|MAJ.wav
│   ├── 081|[0.5,0.5,1.0,1.5,0.5,0.5,1.5]|MAJ.wav
│   ├── 082|[0.5,0.5,1.0,1.5,0.5,1.0,1.0]|MAJ.wav
│   ├── 083|[0.5,0.5,1.0,1.5,0.5,1.5,0.5]|MAJ.wav
│   ├── 084|[0.5,0.5,1.0,1.5,1.0,0.5,1.0]|MAJ.wav
│   ├── 085|[0.5,0.5,1.0,1.5,1.0,1.0,0.5]|MAJ.wav
│   ├── 086|[0.5,0.5,1.0,1.5,1.5,0.5,0.5]|MAJ.wav
│   ├── 206|[0.5,1.5,0.5,1.0,0.5,0.5,1.5]|MAJ.wav
│   ├── 207|[0.5,1.5,0.5,1.0,0.5,1.0,1.0]|MAJ.wav
│   ├── 208|[0.5,1.5,0.5,1.0,0.5,1.5,0.5]|MAJ.wav
│   ├── 209|[0.5,1.5,0.5,1.0,1.0,0.5,1.0]|MAJ.wav
│   ├── 210|[0.5,1.5,0.5,1.0,1.0,1.0,0.5]|MAJ.wav
│   ├── 211|[0.5,1.5,0.5,1.0,1.5,0.5,0.5]|MAJ.wav
│   ├── 217|[0.5,1.5,1.0,0.5,0.5,1.0,1.0]|MAJ.wav
│   ├── 218|[0.5,1.5,1.0,0.5,0.5,1.5,0.5]|MAJ.wav
│   ├── 219|[0.5,1.5,1.0,0.5,1.0,0.5,1.0]|MAJ.wav
│   ├── 220|[0.5,1.5,1.0,0.5,1.0,1.0,0.5]|MAJ.wav
│   ├── 221|[0.5,1.5,1.0,0.5,1.5,0.5,0.5]|MAJ.wav
│   ├── 227|[0.5,1.5,1.5,0.5,0.5,1.0,0.5]|MAJ.wav
│   ├── 228|[0.5,1.5,1.5,0.5,1.0,0.5,0.5]|MAJ.wav
│   ├── 332|[1.0,1.0,0.5,1.0,0.5,0.5,1.5]|MAJ.wav
│   ├── 334|[1.0,1.0,0.5,1.0,0.5,1.5,0.5]|MAJ.wav
│   ├── 337|[1.0,1.0,0.5,1.0,1.5,0.5,0.5]|MAJ.wav
│   ├── 344|[1.0,1.0,1.0,0.5,0.5,1.5,0.5]|MAJ.wav
│   ├── 347|[1.0,1.0,1.0,0.5,1.5,0.5,0.5]|MAJ.wav
│   ├── 353|[1.0,1.0,1.5,0.5,0.5,1.0,0.5]|MAJ.wav
│   ├── 354|[1.0,1.0,1.5,0.5,1.0,0.5,0.5]|MAJ.wav
│   ├── 445|[2.0,0.5,1.0,0.5,0.5,1.0,0.5]|MAJ.wav
│   ├── 446|[2.0,0.5,1.0,0.5,1.0,0.5,0.5]|MAJ.wav
│   ├── 451|[2.0,1.0,0.5,0.5,1.0,0.5,0.5]|MAJ.wav
│   └── a
│       ├── 333|[1.0,1.0,0.5,1.0,0.5,1.0,1.0]|MAJ.wav
│       ├── 335|[1.0,1.0,0.5,1.0,1.0,0.5,1.0]|MAJ.wav
│       ├── 336|[1.0,1.0,0.5,1.0,1.0,1.0,0.5]|MAJ.wav
│       ├── 343|[1.0,1.0,1.0,0.5,0.5,1.0,1.0]|MAJ.wav
│       ├── 345|[1.0,1.0,1.0,0.5,1.0,0.5,1.0]|MAJ.wav
│       └── 346|[1.0,1.0,1.0,0.5,1.0,1.0,0.5]|MAJ.wav
├── D
│   ├── 162|[0.5,1.0,1.0,0.5,0.5,1.0,1.5]|MIN.wav
│   ├── 163|[0.5,1.0,1.0,0.5,0.5,1.5,1.0]|MIN.wav
│   ├── 164|[0.5,1.0,1.0,0.5,0.5,2.0,0.5]|MIN.wav
│   ├── 171|[0.5,1.0,1.0,1.0,0.5,0.5,1.5]|MIN.wav
│   ├── 173|[0.5,1.0,1.0,1.0,0.5,1.5,0.5]|MIN.wav
│   ├── 176|[0.5,1.0,1.0,1.0,1.5,0.5,0.5]|MIN.wav
│   ├── 182|[0.5,1.0,1.5,0.5,0.5,1.0,1.0]|MIN.wav
│   ├── 183|[0.5,1.0,1.5,0.5,0.5,1.5,0.5]|MIN.wav
│   ├── 184|[0.5,1.0,1.5,0.5,1.0,0.5,1.0]|MIN.wav
│   ├── 185|[0.5,1.0,1.5,0.5,1.0,1.0,0.5]|MIN.wav
│   ├── 186|[0.5,1.0,1.5,0.5,1.5,0.5,0.5]|MIN.wav
│   ├── 192|[0.5,1.0,2.0,0.5,0.5,1.0,0.5]|MIN.wav
│   ├── 193|[0.5,1.0,2.0,0.5,1.0,0.5,0.5]|MIN.wav
│   ├── 288|[1.0,0.5,1.0,0.5,0.5,1.0,1.5]|MIN.wav
│   ├── 289|[1.0,0.5,1.0,0.5,0.5,1.5,1.0]|MIN.wav
│   ├── 290|[1.0,0.5,1.0,0.5,0.5,2.0,0.5]|MIN.wav
│   ├── 297|[1.0,0.5,1.0,1.0,0.5,0.5,1.5]|MIN.wav
│   ├── 299|[1.0,0.5,1.0,1.0,0.5,1.5,0.5]|MIN.wav
│   ├── 302|[1.0,0.5,1.0,1.0,1.5,0.5,0.5]|MIN.wav
│   ├── 308|[1.0,0.5,1.5,0.5,0.5,1.0,1.0]|MIN.wav
│   ├── 309|[1.0,0.5,1.5,0.5,0.5,1.5,0.5]|MIN.wav
│   ├── 310|[1.0,0.5,1.5,0.5,1.0,0.5,1.0]|MIN.wav
│   ├── 311|[1.0,0.5,1.5,0.5,1.0,1.0,0.5]|MIN.wav
│   ├── 312|[1.0,0.5,1.5,0.5,1.5,0.5,0.5]|MIN.wav
│   ├── 318|[1.0,0.5,2.0,0.5,0.5,1.0,0.5]|MIN.wav
│   ├── 319|[1.0,0.5,2.0,0.5,1.0,0.5,0.5]|MIN.wav
│   ├── 416|[1.5,1.0,0.5,0.5,1.0,0.5,1.0]|MIN.wav
│   ├── 417|[1.5,1.0,0.5,0.5,1.0,1.0,0.5]|MIN.wav
│   ├── 418|[1.5,1.0,0.5,0.5,1.5,0.5,0.5]|MIN.wav
│   ├── 424|[1.5,1.0,1.0,0.5,0.5,1.0,0.5]|MIN.wav
│   ├── 425|[1.5,1.0,1.0,0.5,1.0,0.5,0.5]|MIN.wav
│   ├── 430|[1.5,1.5,0.5,0.5,1.0,0.5,0.5]|MIN.wav
│   └── a
│       ├── 172|[0.5,1.0,1.0,1.0,0.5,1.0,1.0]|MIN.wav
│       ├── 174|[0.5,1.0,1.0,1.0,1.0,0.5,1.0]|MIN.wav
│       ├── 175|[0.5,1.0,1.0,1.0,1.0,1.0,0.5]|MIN.wav
│       ├── 298|[1.0,0.5,1.0,1.0,0.5,1.0,1.0]|MIN.wav
│       ├── 300|[1.0,0.5,1.0,1.0,1.0,0.5,1.0]|MIN.wav
│       └── 301|[1.0,0.5,1.0,1.0,1.0,1.0,0.5]|MIN.wav
├── E
│   ├── 057|[0.5,0.5,1.0,0.5,0.5,1.0,2.0]|MAJ.wav
│   ├── 058|[0.5,0.5,1.0,0.5,0.5,1.5,1.5]|MAJ.wav
│   ├── 059|[0.5,0.5,1.0,0.5,0.5,2.0,1.0]|MAJ.wav
│   ├── 065|[0.5,0.5,1.0,0.5,1.5,0.5,1.5]|MAJ.wav
│   ├── 066|[0.5,0.5,1.0,0.5,1.5,1.0,1.0]|MAJ.wav
│   ├── 067|[0.5,0.5,1.0,0.5,1.5,1.5,0.5]|MAJ.wav
│   ├── 068|[0.5,0.5,1.0,0.5,2.0,0.5,1.0]|MAJ.wav
│   ├── 069|[0.5,0.5,1.0,0.5,2.0,1.0,0.5]|MAJ.wav
│   ├── 075|[0.5,0.5,1.0,1.0,1.0,0.5,1.5]|MAJ.wav
│   ├── 077|[0.5,0.5,1.0,1.0,1.0,1.5,0.5]|MAJ.wav
│   ├── 078|[0.5,0.5,1.0,1.0,1.5,0.5,1.0]|MAJ.wav
│   ├── 079|[0.5,0.5,1.0,1.0,1.5,1.0,0.5]|MAJ.wav
│   ├── 080|[0.5,0.5,1.0,1.0,2.0,0.5,0.5]|MAJ.wav
│   ├── 087|[0.5,0.5,1.0,2.0,0.5,0.5,1.0]|MAJ.wav
│   ├── 088|[0.5,0.5,1.0,2.0,0.5,1.0,0.5]|MAJ.wav
│   ├── 089|[0.5,0.5,1.0,2.0,1.0,0.5,0.5]|MAJ.wav
│   ├── 200|[0.5,1.5,0.5,0.5,1.0,0.5,1.5]|MAJ.wav
│   ├── 201|[0.5,1.5,0.5,0.5,1.0,1.0,1.0]|MAJ.wav
│   ├── 202|[0.5,1.5,0.5,0.5,1.0,1.5,0.5]|MAJ.wav
│   ├── 203|[0.5,1.5,0.5,0.5,1.5,0.5,1.0]|MAJ.wav
│   ├── 204|[0.5,1.5,0.5,0.5,1.5,1.0,0.5]|MAJ.wav
│   ├── 205|[0.5,1.5,0.5,0.5,2.0,0.5,0.5]|MAJ.wav
│   ├── 212|[0.5,1.5,0.5,1.5,0.5,0.5,1.0]|MAJ.wav
│   ├── 213|[0.5,1.5,0.5,1.5,0.5,1.0,0.5]|MAJ.wav
│   ├── 214|[0.5,1.5,0.5,1.5,1.0,0.5,0.5]|MAJ.wav
│   ├── 222|[0.5,1.5,1.0,1.0,0.5,0.5,1.0]|MAJ.wav
│   ├── 223|[0.5,1.5,1.0,1.0,0.5,1.0,0.5]|MAJ.wav
│   ├── 224|[0.5,1.5,1.0,1.0,1.0,0.5,0.5]|MAJ.wav
│   ├── 326|[1.0,1.0,0.5,0.5,1.0,0.5,1.5]|MAJ.wav
│   ├── 328|[1.0,1.0,0.5,0.5,1.0,1.5,0.5]|MAJ.wav
│   ├── 329|[1.0,1.0,0.5,0.5,1.5,0.5,1.0]|MAJ.wav
│   ├── 330|[1.0,1.0,0.5,0.5,1.5,1.0,0.5]|MAJ.wav
│   ├── 331|[1.0,1.0,0.5,0.5,2.0,0.5,0.5]|MAJ.wav
│   ├── 338|[1.0,1.0,0.5,1.5,0.5,0.5,1.0]|MAJ.wav
│   ├── 339|[1.0,1.0,0.5,1.5,0.5,1.0,0.5]|MAJ.wav
│   ├── 340|[1.0,1.0,0.5,1.5,1.0,0.5,0.5]|MAJ.wav
│   ├── 440|[2.0,0.5,0.5,1.0,0.5,0.5,1.0]|MAJ.wav
│   ├── 441|[2.0,0.5,0.5,1.0,0.5,1.0,0.5]|MAJ.wav
│   ├── 442|[2.0,0.5,0.5,1.0,1.0,0.5,0.5]|MAJ.wav
│   └── a
│       ├── 060|[0.5,0.5,1.0,0.5,0.5,2.5,0.5]|MAJ.wav
│       ├── 070|[0.5,0.5,1.0,0.5,2.5,0.5,0.5]|MAJ.wav
│       ├── 076|[0.5,0.5,1.0,1.0,1.0,1.0,1.0]|MAJ.wav
│       ├── 327|[1.0,1.0,0.5,0.5,1.0,1.0,1.0]|MAJ.wav
│       ├── 348|[1.0,1.0,1.0,1.0,0.5,0.5,1.0]|MAJ.wav
│       ├── 349|[1.0,1.0,1.0,1.0,0.5,1.0,0.5]|MAJ.wav
│       └── 350|[1.0,1.0,1.0,1.0,1.0,0.5,0.5]|MAJ.wav
├── F
│   ├── 165|[0.5,1.0,1.0,0.5,1.0,0.5,1.5]|MIN.wav
│   ├── 167|[0.5,1.0,1.0,0.5,1.0,1.5,0.5]|MIN.wav
│   ├── 168|[0.5,1.0,1.0,0.5,1.5,0.5,1.0]|MIN.wav
│   ├── 169|[0.5,1.0,1.0,0.5,1.5,1.0,0.5]|MIN.wav
│   ├── 170|[0.5,1.0,1.0,0.5,2.0,0.5,0.5]|MIN.wav
│   ├── 177|[0.5,1.0,1.0,1.5,0.5,0.5,1.0]|MIN.wav
│   ├── 178|[0.5,1.0,1.0,1.5,0.5,1.0,0.5]|MIN.wav
│   ├── 179|[0.5,1.0,1.0,1.5,1.0,0.5,0.5]|MIN.wav
│   ├── 187|[0.5,1.0,1.5,1.0,0.5,0.5,1.0]|MIN.wav
│   ├── 188|[0.5,1.0,1.5,1.0,0.5,1.0,0.5]|MIN.wav
│   ├── 189|[0.5,1.0,1.5,1.0,1.0,0.5,0.5]|MIN.wav
│   ├── 291|[1.0,0.5,1.0,0.5,1.0,0.5,1.5]|MIN.wav
│   ├── 293|[1.0,0.5,1.0,0.5,1.0,1.5,0.5]|MIN.wav
│   ├── 294|[1.0,0.5,1.0,0.5,1.5,0.5,1.0]|MIN.wav
│   ├── 295|[1.0,0.5,1.0,0.5,1.5,1.0,0.5]|MIN.wav
│   ├── 296|[1.0,0.5,1.0,0.5,2.0,0.5,0.5]|MIN.wav
│   ├── 303|[1.0,0.5,1.0,1.5,0.5,0.5,1.0]|MIN.wav
│   ├── 304|[1.0,0.5,1.0,1.5,0.5,1.0,0.5]|MIN.wav
│   ├── 305|[1.0,0.5,1.0,1.5,1.0,0.5,0.5]|MIN.wav
│   ├── 313|[1.0,0.5,1.5,1.0,0.5,0.5,1.0]|MIN.wav
│   ├── 314|[1.0,0.5,1.5,1.0,0.5,1.0,0.5]|MIN.wav
│   ├── 315|[1.0,0.5,1.5,1.0,1.0,0.5,0.5]|MIN.wav
│   ├── 419|[1.5,1.0,0.5,1.0,0.5,0.5,1.0]|MIN.wav
│   ├── 420|[1.5,1.0,0.5,1.0,0.5,1.0,0.5]|MIN.wav
│   ├── 421|[1.5,1.0,0.5,1.0,1.0,0.5,0.5]|MIN.wav
│   └── a
│       ├── 166|[0.5,1.0,1.0,0.5,1.0,1.0,1.0]|MIN.wav
│       └── 292|[1.0,0.5,1.0,0.5,1.0,1.0,1.0]|MIN.wav
├── file.txt
├── help.py
├── main.py
├── README.txt
└── TEST1.wav

10 directories, 467 files
